"{"emotion": 
[{"Excited": 0.35872358907329543, "Sarcasm": 0.14995501288594787, "Fear": 0.08375228559433542, "Bored": 0.013332437030773543, "Happy": 0.27069740685534277, "Angry": 0.11360686680686857, "Sad": 0.009932401753436427},
 {"Excited": 0.3224441155632884, "Sarcasm": 0.028326610241708745, "Fear": 0.026055539368134054, "Bored": 0.002336653043066987, "Happy": 0.35067218772210884, "Angry": 0.26476383847809665, "Sad": 0.005401055583596326},
 {"Excited": 0.2552093670855693, "Sarcasm": 0.08339468680654331, "Fear": 0.21891492088342274, "Bored": 0.02443789366264743, "Happy": 0.2305124564324429, "Angry": 0.17783166614443224, "Sad": 0.009699008984942317}, 
 {"Excited": 0.0910144611410077, "Sarcasm": 0.26890941428246234, "Fear": 0.18484877980407602, "Bored": 0.0412230503801067, "Happy": 0.08036471603116163, "Angry": 0.16563053208510417, "Sad": 0.1680090462760815},
 {"Excited": 0.262395086294687, "Sarcasm": 0.18823365028489306, "Fear": 0.1022586128827839, "Bored": 0.013454693056990444, "Happy": 0.3279739791854329, "Angry": 0.06165657593575713, "Sad": 0.04402740235945552}, 
 {"Excited": 0.0705149728507474, "Sarcasm": 0.34167224971815024, "Fear": 0.23969031612856356, "Bored": 0.037246290007205626, "Happy": 0.04471695426008705, "Angry": 0.13486067927721831, "Sad": 0.1312985377580279}, 
 {"Excited": 0.16959245999851075, "Sarcasm": 0.1060317300810587, "Fear": 0.1460274730616744, "Bored": 0.09163225838562225, "Happy": 0.20060960052753785, "Angry": 0.15824944232345228, "Sad": 0.12785703562214373}, 
 {"Excited": 0.18808508105009875, "Sarcasm": 0.11079861700145487, "Fear": 0.11208925322513563, "Bored": 0.08100448283153973, "Happy": 0.18968366501006806, "Angry": 0.14808114647851725, "Sad": 0.17025775440318544}, 
 {"Excited": 0.031701808144159585, "Sarcasm": 0.23127324760384407, "Fear": 0.177799315725239, "Bored": 0.1028737677200989, "Happy": 0.04692353725350493, "Angry": 0.123650190889202, "Sad": 0.2857781326639517}, 
 {"Excited": 0.23218907749284534, "Sarcasm": 0.12826942509510564, "Fear": 0.12022522737183591, "Bored": 0.1315753497605135, "Happy": 0.14978780069771552, "Angry": 0.17759460794621298, "Sad": 0.06035851163577124}], "code": 200}"

 {"emotion": [
{"Excited": 0.10086091297846951, "Sarcasm": 0.22427467364491332, "Fear": 0.2569910951693582, "Bored": 0.07510516419302235, "Happy": 0.12296448498036557, "Angry": 0.08502151004567175, "Sad": 0.13478215898819934},
{"Excited": 0.23222650985827062, "Sarcasm": 0.15809027133161999, "Fear": 0.11504385668209646, "Bored": 0.04187414956327563, "Happy": 0.20216754237441978, "Angry": 0.11104820458736006, "Sad": 0.1395494656029574},
{"Excited": 0.05185121697797178, "Sarcasm": 0.20366162620310765, "Fear": 0.1614264517349431, "Bored": 0.03712910614997868, "Happy": 0.04157465464978219, "Angry": 0.38216129392684506, "Sad": 0.1221956503573716}, 
{"Excited": 0.08923224223102094, "Sarcasm": 0.21665654190229733, "Fear": 0.22674561072038193, "Bored": 0.06533981614607262, "Happy": 0.07530184464431905, "Angry": 0.228894683162112, "Sad": 0.09782926119379623}, 
{"Excited": 0.08453315786879322, "Sarcasm": 0.15999639442067617, "Fear": 0.12126526554476844, "Bored": 0.13397542662441475, "Happy": 0.05741133248131951, "Angry": 0.3773854845343121, "Sad": 0.06543293852571566}, 
{"Excited": 0.18581310224616507, "Sarcasm": 0.13313930258069695, "Fear": 0.15567076650691683, "Bored": 0.06068461429316895, "Happy": 0.19467909486313317, "Angry": 0.16332411060749952, "Sad": 0.10668900890241938},
{"Excited": 0.23193668290667951, "Sarcasm": 0.060477376546966145, "Fear": 0.2636239750942263, "Bored": 0.01221167422167406, "Happy": 0.27082917648771765, "Angry": 0.15763589162277072, "Sad": 0.0032852231199655747},
{"Excited": 0.1466074044109415, "Sarcasm": 0.10182565670751463, "Fear": 0.11774317777697754, "Bored": 0.10956335614553638, "Happy": 0.1877731545263412, "Angry": 0.06794606578777637, "Sad": 0.2685411846449122}, 
{"Excited": 0.12743861298079567, "Sarcasm": 0.23032497629444076, "Fear": 0.12432796646065761, "Bored": 0.03710445036020927, "Happy": 0.10817836789059335, "Angry": 0.2205530460074973, "Sad": 0.15207258000580606},
{"Excited": 0.27194337729128626, "Sarcasm": 0.09904893248175713, "Fear": 0.08620003625227858, "Bored": 0.029047132043443093, "Happy": 0.29348245164971454, "Angry": 0.07349981514596793, "Sad": 0.14677825513555248}
], "code": 200}